138.6
107.2
107.2
107.2
107.2
107.2
107.2
107.2
107.2
118.4
91.5
91.5
91.5
91.5
91.5
91.5
91.5
91.5
147.6
147.6
71.5
69.3
68.4
64.4
64.4
64.4
64.4
72.7
69.5
68.5
64.6
64.6
64.6
64.6
68.6
68.1
64.6
64.6
64.6
64.6
64.6
98.9
98.9
50.7
50.7
50.7
50.7
89.7
89.7
66.9
48.1
48.1
48.1
86.4
47.2
47.2
47.2
47.2
86.1
70.3
57.2
57.2
57.2
80.7
80.7
85.2
94.0
85.2
85.2
90.6
90.6
90.6
90.6
90.6
90.6
90.6
90.6
104.8
105.4
100.4
100.4
100.4
100.4
100.4
105.8
105.8
100.7
100.7
100.7
100.7
100.7
105.4
104.8
100.4
100.4
100.4
100.4
100.4
105.7
90.2
90.2
90.2
90.2
102.7
95.3
89.3
89.3
89.3
105.9
92.2
92.2
92.2
92.2
96.3
92.3
92.3
92.3
99.0
100.4
103.1
100.4
100.4
86.5
86.5
86.5
86.5
86.5
86.5
86.5
87.5
91.8
86.5
86.5
86.5
86.5
87.2
90.9
91.6
86.2
86.2
86.2
86.2
94.4
80.0
80.0
80.0
80.0
91.2
84.6
79.3
79.3
79.3
97.8
78.3
78.3
78.3
78.3
94.7
93.4
84.2
76.6
76.6
76.6
88.7
88.6
90.5
94.4
90.5
90.5
113.2
106.7
100.5
100.5
100.5
100.5
109.9
100.2
100.2
100.2
100.2
100.2
100.9
100.9
100.9
100.9
100.3
99.6
99.6
99.6
100.9
100.9
100.9
100.9
98.5
98.5
98.5
99.3
99.4
99.4
113.2
106.7
100.5
100.5
100.5
100.5
101.3
101.3
101.3
101.3
100.4
99.1
99.1
99.1
100.5
100.5
100.5
100.5
100.4
99.1
99.1
99.1
99.8
99.8
99.8
100.9
100.9
100.9
100.9
98.5
98.5
98.5
100.9
100.9
100.9
100.9
100.3
99.6
99.6
99.6
99.4
99.3
99.4
96.8
96.8
102.5
102.5
102.5
93.8
103.0
103.0
103.0
95.8
103.7
103.7
103.7
96.1
96.1
96.3
114.6
102.8
97.7
115.0
103.1
97.8
97.8
98.9
94.9
114.6
102.8
96.1
97.6
100.4
97.5
97.8
98.9
