148.1
148.1
148.3
148.3
137.8
126.4
135.3
150.3
136.9
150.3
130.0
117.4
108.2
117.4
122.1
119.0
128.3
128.3
152.8
152.8
152.8
119.5
131.9
122.7
131.9
118.0
114.4
118.0
122.2	
117.9
122.2	
69.7
116.8
113.5
116.8
66.6
112.4
111.5
114.4
114.3
65.9
121.4	
121.4	
121.4	
112.3
113.8
112.2
113.4
111.8
113.0
100.7
103.1
103.5
107.1
99.5
108.5
104.7
108.5
106.9
102.5
99.3
102.5
112.4
117.8
117.8
120.2
120.2
120.2
94.5
94.5
105.2
100.8
93.2
93.2
102.9
103.4
90.7
94.6
103.6
104.0
92.4
91.9
101.0
101.3
101.3
90.7
90.2
90.2
98.9
98.9
98.9
93.9
97.0
107.2
107.2
92.4
92.4
106.3
106.3
90.3
94.1
106.3
106.3
93.2
92.4
106.3
106.3
89.6
89.0
89.0
101.7
101.7
101.7
94.5
97.6
100.8
105.2
91.9
91.9
101.3
101.0
101.3
90.7
94.6
104.0
103.6
93.7
93.2
102.9
103.4
90.7
90.2
90.2
98.9
98.9
98.9
92.4
102.6
94.7
95.3
95.1
95.6
99.9
93.9
92.3
92.6
92.3
95.0
95.0
95.0
93.1
92.7
100.1
100.1
94.8
94.1
96.5
96.5
95.7
93.0
92.9
93.0
92.6
92.6
92.7
92.7
100.1
100.1
93.9
94.5
94.3
94.5
92.7
92.7
94.1
92.9
93.0
93.0
92.6
92.6
